448.34
150.34
418.17
150.34
448.34
128.91
430.86
234.2
234.2
255.57
179.06
126.06
204.58
415.96
204.58
415.96
402.81
331.74
402.81
380.88
325.56
150.34
221.23
221.23
430.86
234.2
225.12
225.12
175.53
402.81
255.57
303.94
303.2
221.23
221.23
225.12
325.56
128.91
380.37
331.74
150.34
225.12
255.57
331.74
128.91
150.34
406.91
179.06
331.74
255.57
402.81
361.66
175.53
402.81
355.57
355.57
402.81
282.89
150.34
430.86
126.06
225.12
234.2
179.06
406.36
355.57
255.57
402.81
418.17
406.91
255.57
355.57
126.06
418.17
225.12
366.87
150.34
322.0
303.94
204.58
234.2
221.23
221.23
150.34
355.57
406.91
221.23
255.57
179.06
234.2
225.12
255.57
366.87
179.06
303.94
355.57
355.57
234.2
331.74
320.12
852.02
1513.04
828.16
1718.71
1257.31
628.4
1081.05
1490.96
800.3
1410.58
704.94
1528.91
1523.75
1610.25
1603.6
1494.81
805.12
718.71
1273.45
704.94
1721.56
1673.7
793.58
1171.68
741.46
1619.0
835.08
781.97
628.4
805.12
1496.46
982.64
1063.46
891.9
1421.07
793.58
1125.36
1443.02
1485.59
869.0
676.38
946.39
1112.02
830.45
891.9
1377.35
1577.55
1416.33
907.19
1483.06
891.9
1467.52
1048.28
1466.31
1324.64
765.13
1198.24
1133.45
794.7
693.36
1356.46
574.1
1175.65
917.79
1506.38
1423.86
771.83
794.7
1715.29
483.34
774.64
951.92
845.35
1202.46
1282.84
1416.98
1472.53
789.01
711.07
667.85
1502.49
1216.36
895.14
1724.42
1038.42
1090.31
752.69
907.19
774.64
1374.9
1565.16
1306.91
873.97
568.17
509.52
1163.1
990.84
703.45
741.46
917.79
1956.89
1584.73
1525.26
978.13
1501.24
2047.06
1109.32
966.87
1216.36
1625.53
1543.17
1336.74
1535.3
1060.47
1753.56
1711.55
1593.24
1125.36
1900.18
1472.53
1017.64
1295.34
1915.79
1737.86
1757.81
1443.96
1338.3
1787.57
1050.05
1643.68
686.54
1543.17
1120.22
1612.43
1060.47
1797.14
1110.6
1625.53
1623.73
1580.95
1050.25
1550.55
793.58
1569.37
1683.49
1800.86
1987.39
1815.02
1600.42
1791.96
1265.57
1249.66
1943.24
1584.73
1815.02
1063.46
1543.17
916.02
1475.4
1231.67
1556.78
1682.08
1793.36
1285.23
1531.2
1743.85
1696.65
1238.04
1412.13
1903.76
1587.21
1737.86
1490.51
1198.24
971.31
929.16
1789.85
1368.94
1562.23
946.39
2047.06
1198.24
1565.16
2004.34
1439.17
1921.18
1815.02
1077.12
1661.61
1206.95
1997.52
1857.04
2098.07
1943.24
1077.12
1499.68
891.9
1857.04
1580.95
1683.49
1423.85
1048.28
1349.04
805.12
1434.42
805.12
982.64
1456.34
1416.98
1507.04
1077.12
1198.24
990.84
1175.65
1189.47
903.3
1085.4
648.57
1077.35
1063.46
1559.59
866.05
751.16
1478.31
1564.9
1081.05
1273.45
1502.02
1158.68
866.05
616.27
667.98
658.14
1944.89
1229.87
779.08
741.46
667.98
1013.78
1097.95
703.45
860.32
1216.36
1324.64
971.31
1077.12
1300.19
657.8
1050.25
1229.41
1730.86
993.55
636.02
1229.41
644.12
737.28
1302.97
1324.64
628.4
726.14
726.14
1060.47
1880.76
1287.0
624.04
1676.79
1467.52
916.02
751.16
1149.07
1048.28
1085.4
1324.64
1287.0
1229.87
1152.04
1447.95
639.73
737.28
1238.04
752.69
1029.87
1345.66
589.11
1114.9
713.71
1950.3
546.04
841.27
1387.43
644.12
1033.44
657.8
1423.86
1728.07
1125.36
1337.63
774.64
1133.45
1600.1
924.65
774.64
872.19
1097.95
703.45
494.63
960.47
929.16
538.36
1152.99
636.02
1077.12
793.58
982.64
752.69
631.81
1149.07
546.04
1365.73
564.16
1092.94
464.68
844.9
907.19
710.15
828.16
1306.64
751.16
494.63
1362.39
500.92
752.69
935.4
982.64
616.24
1492.64
883.11
841.27
805.12
990.84
1031.34
877.17
594.93
676.38
546.04
1063.46
624.04
830.07
1125.36
715.19
282.89
282.89
282.89
704.94
1145.33
574.1
883.11
774.64
464.07
902.09
774.64
752.69
883.11
704.94
1152.04
500.92
805.12
1063.46
1171.54
331.74
751.16
844.9
1107.96
1050.25
726.14
771.83
1092.94
1114.9
789.01
363.02
589.11
707.88
282.89
320.12
707.88
648.57
1149.07
897.26
764.24
1125.36
540.97
616.27
355.57
752.69
303.2
303.94
1107.96
774.64
774.64
774.64
1092.94
897.26
631.5
303.2
1084.79
282.89
774.64
616.24
891.9
636.51
844.9
752.69
636.02
459.21
255.57
830.45
752.69
1145.33
922.69
459.21
947.72
779.08
1149.07
437.4
658.14
464.68
636.02
805.12
785.59
364.51
644.12
962.14
828.16
631.5
282.89
873.97
990.84
282.89
1063.46
616.24
929.16
992.4
764.24
282.89
483.34
380.88
1097.95
1077.12
366.87
779.08
1485.59
1163.1
1324.64
1443.02
1208.82
509.52
693.36
707.88
1116.31
1454.47
764.24
1367.64
903.3
669.85
1472.53
771.83
683.1
631.5
951.92
1377.35
639.73
644.69
828.16
1496.46
1342.39
774.64
1490.96
707.88
1292.93
644.69
640.56
1125.36
628.4
631.81
800.3
1513.04
1365.21
916.02
1077.12
1302.97
1502.49
875.39
1090.31
1513.04
781.97
1468.46
1354.0
1287.0
713.71
1249.66
1487.93
737.28
1548.87
1386.33
631.5
1384.78
804.96
616.24
737.28
1507.04
857.42
982.64
1183.74
1539.77
1444.13
742.25
1063.46
1231.67
1416.33
636.51
1520.73
511.23
1309.85
540.97
879.65
1324.64
1317.33
704.94
1465.26
1060.47
671.06
693.36
726.14
1476.48
873.97
657.8
1513.04
1394.38
805.12
1518.93
564.16
946.39
693.36
971.31
946.39
1171.68
657.8
1331.53
1408.25
752.69
1823.47
2007.62
2007.62
1885.87
1803.97
1987.39
1964.86
1987.39
2079.14
1964.86
1996.18
1980.99
1745.09
1943.24
1865.67
1953.03
1846.41
1968.4
1880.76
1964.86
1837.11
1742.34
2032.23
1921.18
2007.62
1815.02
1921.18
2090.54
1696.65
2063.98
1827.44
1785.47
1977.89
1943.24
2090.54
1852.24
1805.77
2007.62
1943.24
1755.18
1837.11
2016.46
1956.89
1770.91
1803.97
1960.92
1852.24
1847.26
2132.85
2098.07
1827.44
1987.39
1878.06
1950.3
2024.2
1889.87
1970.01
2132.85
1849.58
1832.34
1794.57
1871.27
1819.41
1944.62
1964.86
1916.37
1956.89
1829.06
1987.39
1787.57
2132.85
1972.88
1862.13
1943.24
1902.37
2097.69
1846.41
2072.18
1943.24
1847.26
1943.24
1902.37
1737.86
1943.24
1950.3
1871.27
1944.89
1724.42
1846.41
2073.13
1819.41
2063.98
2097.69
1837.11
1952.8
1829.06
1960.67
2079.14
1809.29
1921.18
1345.66
1193.72
929.16
1921.18
1468.46
774.64
1267.98
1324.64
574.1
1167.78
2132.85
1513.04
1753.84
1727.1
1507.04
1921.18
1673.89
1780.65
1742.34
1349.04
1400.57
2132.85
1732.46
1843.97
1396.28
1443.02
1600.42
848.42
1953.03
1423.86
1711.55
1557.94
1807.67
1005.67
1400.57
1987.39
703.45
1852.24
1682.08
418.17
1953.03
1979.83
1119.17
683.1
1353.77
1682.08
1873.19
718.3
1619.0
1447.95
1516.68
1416.33
1158.68
2159.33
1589.65
1013.78
1507.04
1903.76
1168.72
1865.67
1300.19
1081.05
837.36
175.53
1384.78
1167.78
1168.72
1857.04
1361.3
848.42
1479.01
1416.33
1412.13
509.52
1507.04
1603.6
1410.58
1673.7
703.45
1632.1
1292.93
951.92
1465.26
1837.11
616.24
1507.04
1490.51
1696.86
1005.67
1740.85
2098.07
891.9
1202.46
1339.93
1455.37
1737.86
1770.91
1312.16
1017.64
1152.04
1370.31
1815.02
1593.24
1831.92
1833.56
1809.29
1815.02
1819.41
1367.64
1587.21
1342.39
1180.63
1203.93
1443.02
1423.86
1267.98
1399.39
1443.02
1339.93
1606.63
946.39
1587.21
1797.14
1183.74
1209.08
2132.85
1198.24
1623.73
1553.21
1872.81
564.16
1466.31
1361.3
1120.22
574.1
1449.26
1113.16
1163.1
1746.74
1287.0
916.02
1374.9
774.64
1793.07
1050.05
1849.58
1897.37
1110.6
779.08
1732.12
1603.6
1553.21
1851.7
2132.85
1465.72
742.25
1630.66
713.71
1249.66
1879.09
1964.86
800.3
669.85
1376.04
1603.6
1092.94
805.12
1701.23
1513.04
2004.34
1837.11
1858.36
969.85
1780.07
929.16
1430.04
1682.33
1900.18
1635.5
1710.53
935.38
1791.96
1871.76
1587.8
1610.25
1430.04
564.16
1048.28
752.69
1386.33
1943.24
1972.88
1231.67
1497.46
1183.16
1499.24
1635.5
1752.03
1342.39
1579.73
1453.25
1389.11
1977.89
1561.63
1077.35
1612.43
1374.9
1513.04
1619.0
1943.24
1480.87
1568.41
1743.85
1518.93
1608.6
2159.33
1894.85
1987.39
1513.04
966.26
1081.05
2132.85
1950.3
1961.96
1384.78
1612.43
874.99
511.23
1422.12
1496.46
1175.65
1077.35
1133.45
1906.35
1953.03
1628.6
1777.72
1921.18
1967.87
1755.18
1499.24
1623.73
1743.85
1485.05
1960.67
1501.24
1313.53
1823.47
1765.67
1837.11
564.16
718.71
1857.04
1585.02
1737.86
1944.89
1593.24
1819.41
1573.12
1915.79
1314.3
1770.91
828.16
1577.55
1682.33
1666.52
1154.77
1502.49
1005.67
1776.48
1612.43
828.16
1558.09
1792.88
805.12
1237.07
1632.61
1800.86
1819.41
1085.4
845.35
935.4
947.72
1480.87
1412.13
764.24
1732.46
1149.07
1077.35
1770.37
1525.26
1050.25
1960.67
1231.67
1116.8
1542.4
616.24
1338.3
1163.1
1703.02
805.12
1311.23
1060.47
1862.45
1448.72
1439.17
1765.67
1682.98
903.3
1873.19
1746.74
1081.05
1209.08
1638.66
1599.27
1190.16
1690.82
1745.09
1691.68
1543.17
1449.26
1732.46
737.28
1389.11
1349.04
1610.25
1216.36
1619.0
1807.67
956.61
1497.46
1306.64
1819.41
1525.26
1317.33
616.24
1183.74
1894.16
1673.7
897.26
1823.47
1353.77
1249.66
1780.65
1492.64
1444.13
574.1
1063.46
1765.67
1575.87
946.39
982.64
1829.06
1139.94
1337.63
1745.09
1575.52
1494.23
841.27
1819.41
1572.91
1755.18
1800.86
1408.25
1535.3
1573.12
1897.87
828.16
1711.97
1682.62
1535.3
1403.48
1780.65
828.16
1632.42
1416.33
1819.41
2047.06
1560.78
1556.68
1435.34
1809.29
1639.55
949.04
1017.64
1311.23
1206.95
1472.53
1753.56
2132.85
1459.34
1249.66
1331.53
1119.17
1516.43
1133.45
1953.03
1718.71
1752.03
1202.46
1643.96
1543.17
282.89
2132.85
1408.25
1624.11
1610.25
1752.72
1871.27
962.14
664.43
1139.94
693.36
1745.09
1776.62
1889.87
464.68
1400.57
1730.86
1531.2
1588.8
1485.69
1133.45
1780.65
1090.35
1579.73
1619.0
1456.34
1960.92
1661.61
771.83
1619.0
644.69
1593.24
1803.97
1794.57
835.54
1439.17
1202.46
935.4
1691.68
946.39
1623.73
1623.73
1656.28
1943.24
1833.56
1507.04
1166.93
1193.72
1721.56
1267.98
1525.26
1447.25
726.14
1163.1
1331.53
1017.64
1819.41
1368.94
2032.23
483.34
1737.86
1483.58
1843.97
1690.82
402.81
841.27
1815.02
631.81
1063.46
1502.49
1468.46
1720.21
1362.39
1807.67
1353.77
1780.65
857.42
1478.31
1513.04
1125.36
1448.72
1590.82
1593.24
448.34
1198.24
805.12
1443.02
1542.4
1090.31
1125.36
922.69
1097.95
1116.31
1572.91
1905.5
1921.18
1943.24
1349.04
1943.24
1794.57
1013.78
1225.63
726.14
1097.95
1507.04
1189.47
1796.7
1831.92
1506.38
828.16
1478.11
1229.41
1696.65
1710.53
1921.18
1229.41
1780.65
835.54
1558.09
1306.64
1097.95
1661.61
1384.78
1639.55
1755.05
922.69
1253.76
1585.02
703.45
1619.0
1386.33
883.11
1885.87
1480.87
2159.33
1202.46
522.58
1085.4
1485.05
1851.7
1759.33
1718.71
1366.61
1302.97
1628.6
1587.21
1412.13
1443.02
1829.06
1411.95
1607.34
1430.04
1673.7
1858.36
1804.68
1815.02
1302.97
1097.95
1107.96
1490.51
1561.63
971.31
1997.52
1559.59
789.01
1547.5
1956.89
1487.93
1125.36
1081.05
1483.58
1235.69
828.16
1371.86
1017.64
1423.86
1225.63
1302.97
1608.55
966.26
1171.68
1158.68
1113.16
1499.68
1628.6
764.24
1711.97
1192.88
494.63
1338.3
1013.78
1466.31
993.55
1661.61
1215.96
1377.35
1279.31
1726.51
1139.94
1603.6
1193.72
1625.53
1905.5
2098.07
1649.42
1300.19
631.81
1752.03
1539.1
1490.96
1423.86
1444.13
1894.16
1514.4
1483.06
1492.64
1077.12
1980.99
1885.87
1880.76
1116.8
1377.35
1475.4
1612.43
1454.05
686.54
1806.06
1435.34
1728.07
1410.58
891.9
1707.38
1872.81
1406.95
1944.89
1535.3
1579.73
781.97
1500.28
2079.14
1389.11
1539.47
1837.11
1721.56
1462.01
1851.7
1465.72
1514.4
1535.3
1507.04
1539.1
2132.85
935.4
751.16
1862.13
1490.51
1235.69
431.17
1386.33
805.12
969.85
1842.24
993.55
1507.04
1740.85
1742.34
1396.28
1780.65
1384.78
1097.95
1331.53
1852.24
1542.4
1649.42
1603.89
1394.38
993.55
1543.17
1490.51
1209.08
1472.53
1696.65
1560.78
1154.77
1673.7
1485.4
1619.0
1673.7
916.02
1950.3
1462.01
1803.97
1085.4
2090.54
1580.95
1921.18
1336.74
1107.96
1915.79
1765.67
1523.26
956.61
1295.14
1807.33
1555.48
1562.23
1376.04
457.49
1625.46
951.92
929.16
1273.45
2159.33
1306.91
1419.88
1673.7
1029.87
669.85
1302.97
1502.49
1408.25
1562.23
971.31
1097.95
1468.46
1354.0
1480.87
1447.39
1849.58
1553.21
1206.95
841.27
1450.67
1749.93
1468.46
1434.42
1510.91
703.45
1458.63
1050.25
828.16
1356.46
1525.26
1603.89
1878.06
1265.57
1705.9
927.98
1599.27
1851.7
1037.45
1943.24
1209.08
1889.9
737.28
616.24
1480.87
1063.46
1803.97
1267.98
1823.47
1589.65
1476.48
1634.04
1203.93
869.0
1805.77
1705.27
593.83
1203.93
831.96
1081.05
883.11
1479.01
1421.45
1542.4
2016.46
594.93
648.53
538.36
1353.77
1183.16
1569.37
1017.64
2097.69
1612.43
282.89
1513.04
1090.31
644.69
1206.95
1461.33
860.32
1779.12
1823.47
1765.79
774.64
482.65
1523.26
1060.47
1535.3
1528.91
1180.63
1673.7
457.49
658.14
1696.65
1619.0
752.69
966.26
1152.04
1453.25
1483.06
1371.86
1803.97
406.91
1353.77
852.02
1507.04
1625.53
1745.09
1649.42
1500.28
1894.85
1419.34
1921.18
1225.63
1612.43
883.11
1494.23
1344.17
805.12
1548.87
1649.04
1528.91
1718.71
1406.95
1691.68
1472.53
1225.63
1349.04
1257.31
895.14
1745.09
1607.34
1506.38
1374.91
2032.23
1815.02
1785.47
437.4
1206.95
1238.04
1977.89
1556.68
1084.79
1516.58
1017.64
1885.87
1711.97
2132.85
1606.63
1447.95
993.55
1903.76
1721.56
538.36
1261.41
883.11
1360.76
1547.5
1485.05
1490.51
1600.1
1456.34
1837.11
1430.04
1146.78
1467.52
1525.26
764.24
1458.63
1510.91
1063.46
636.02
872.19
1384.78
1090.31
1539.1
1029.87
1793.36
1690.82
718.3
1569.37
1475.4
1384.78
1267.98
1331.53
1785.53
1500.28
1843.97
2047.06
1943.24
1666.18
1377.35
1063.46
1472.53
1468.46
1743.85
1742.34
594.93
1829.06
1873.19
1858.36
1711.97
1324.64
1384.78
1198.24
1267.98
1745.09
752.69
380.88
869.0
572.73
1336.74
1037.45
902.09
683.1
972.95
1587.8
1403.6
693.36
1133.45
1897.87
891.9
1770.91
1851.7
1506.38
1654.62
430.86
1472.53
1458.63
969.85
1317.33
1267.98
1081.05
1964.86
1430.04
1516.68
752.69
2098.07
1133.45
1943.24
1171.54
1370.31
1324.64
1603.6
703.45
1468.46
459.21
1444.13
1727.1
1846.41
538.36
1749.93
784.52
1038.42
971.31
1229.41
1701.23
1412.13
1542.4
1502.49
907.19
718.3
1133.45
1921.18
1819.41
1092.94
2065.16
1862.45
1634.04
935.38
1547.5
1480.87
737.28
1580.95
1142.89
1661.61
1331.53
1367.64
1649.42
1450.67
1370.31
1666.52
1705.9
1628.6
1476.48
1292.93
1550.55
1792.31
1125.36
1682.08
1209.08
927.98
1673.7
1528.91
1943.24
929.16
1216.36
1166.93
1077.12
1789.85
1208.82
1921.18
616.24
1374.9
1368.94
1324.64
1515.54
1722.49
1903.76
1543.17
1063.46
1292.93
1745.09
2132.85
448.34
1960.67
784.52
828.16
1739.49
1017.64
1467.52
593.83
1840.75
1513.04
1944.89
1943.24
1282.84
1638.66
1507.04
1906.35
1612.43
1479.01
924.65
866.05
1565.16
903.3
1676.79
1353.77
1376.59
2214.64
1612.43
1593.12
1607.34
1175.65
1831.92
1726.51
1979.83
616.24
1013.78
1077.12
1360.76
1815.02
1740.85
1510.91
1776.48
1628.6
1478.31
1643.96
1746.74
1510.91
1921.18
1005.67
1279.31
972.95
1753.84
1690.82
1737.86
628.4
1337.63
844.9
1285.23
1175.65
1175.65
546.04
1444.13
1423.86
1635.5
1180.63
751.16
1031.34
1547.5
594.93
644.12
1625.53
1728.07
1331.53
1724.42
1562.23
1718.71
1632.61
1580.95
1584.73
1384.78
1728.07
1600.42
1249.66
737.28
1139.94
1077.12
1506.38
574.1
1514.4
1899.69
1716.13
1399.39
1452.17
962.14
1729.08
2132.85
1473.75
1231.67
1819.41
1189.47
1362.39
1518.93
1587.8
992.4
1171.68
1833.56
1780.65
1894.85
1452.17
1603.89
1691.68
1634.04
1921.18
1696.86
1587.21
1729.08
1371.86
1753.84
1434.42
1603.89
1324.64
1507.04
1506.38
1465.26
902.09
676.38
1737.86
1610.25
1279.31
978.13
1085.4
1501.24
1238.04
616.27
726.14
1600.42
1707.38
1485.69
1483.58
1894.16
1944.89
1952.8
1209.08
1531.2
1029.87
1189.47
1013.78
1789.85
657.8
1704.06
1090.31
1673.7
1871.27
1406.95
1600.42
993.55
1494.81
1730.86
500.92
1403.6
1225.63
1430.04
1384.78
1557.2
752.69
1419.88
1518.93
255.57
764.24
1952.8
1606.63
972.95
1155.05
1745.09
624.04
781.97
1894.16
1722.49
1730.86
1894.16
1832.34
1295.34
1535.3
1312.16
1789.85
1683.49
1579.73
1497.46
1987.39
616.24
1728.07
1336.74
1507.04
1507.04
784.52
1222.6
1516.43
1483.06
805.12
1430.04
1906.35
1396.28
946.39
1419.88
1399.39
1564.9
1905.5
1889.9
589.11
282.89
726.14
1522.6
1770.37
1823.47
1593.12
1559.83
1804.68
1711.97
1739.49
631.81
1785.47
1846.41
1543.17
1721.56
1943.24
1430.04
1858.36
1452.17
1260.96
1472.53
857.42
1577.55
1513.04
1765.79
1249.66
1394.38
282.89
1787.41
1430.04
1410.58
538.36
883.11
1837.11
1593.12
1770.37
1005.67
1873.19
1443.02
891.9
1643.96
1282.84
946.39
737.28
1287.0
1878.06
1960.67
1450.67
616.24
1249.66
1149.07
1063.46
1715.29
1279.31
1408.25
1339.93
1507.04
1465.26
1862.13
828.16
1356.46
1823.47
1682.98
430.86
1829.06
1454.47
2098.07
1765.67
774.64
1180.63
625.15
1661.61
1673.7
764.64
1120.22
1703.02
574.1
916.02
897.26
1699.56
1514.4
2132.85
962.14
1238.04
1215.96
1531.2
1970.01
657.8
1807.67
1287.0
1478.11
771.83
1569.37
1513.04
1889.9
1819.41
707.88
1612.43
1225.63
1851.7
1339.93
1625.53
1683.49
802.96
1167.78
1050.25
947.72
1468.46
1506.38
1666.52
1465.26
1384.78
1531.2
1238.04
1423.85
1356.46
1987.39
1005.67
1852.24
1606.63
1663.58
1507.04
1097.95
1485.69
1903.76
1661.61
872.19
1539.1
1499.24
2079.14
1643.96
1737.86
1749.93
1422.12
1458.63
1624.68
1823.47
1133.45
1548.87
804.96
1719.37
1827.44
483.34
1612.43
1951.77
1804.68
1453.25
1466.95
764.24
1077.35
1815.02
1198.24
1716.13
1257.31
737.28
1510.91
1590.82
1406.95
1765.79
1249.66
380.88
869.0
1770.91
1971.23
1800.86
1632.61
1997.52
1349.04
1528.91
1639.55
1600.42
1365.21
1491.9
1436.66
1649.42
1060.47
1522.76
1485.4
1203.93
1048.28
682.22
1826.08
1292.93
1492.64
897.26
1133.45
1496.46
1579.73
1077.12
1339.93
1711.97
805.12
1880.76
917.79
764.24
1674.09
1063.46
1673.89
1921.09
1125.36
1952.8
1837.11
1921.09
718.3
402.81
956.61
1569.37
1737.86
594.93
1743.85
1776.48
1260.96
1632.1
789.01
650.68
1745.09
828.16
158.35
1317.33
1806.06
1632.1
1625.53
1915.79
1742.34
1977.89
1683.49
1435.34
1279.31
1682.08
1013.78
1472.53
1483.33
1829.06
1190.16
1632.61
1175.65
1502.49
1543.17
1374.91
1406.95
946.39
1819.41
1048.28
1732.46
2063.98
765.13
1729.08
158.35
1842.24
1331.53
1707.38
1716.13
1033.44
1819.41
1852.24
1643.96
1587.8
624.04
1506.38
1739.49
1492.64
1483.06
1757.81
866.76
1897.87
1569.37
1314.3
282.89
1857.04
482.65
255.57
1306.64
891.9
1823.47
1794.57
1535.3
1831.92
1577.55
1462.01
1575.52
1139.94
828.16
1696.65
1267.98
1549.54
1412.13
1368.94
1639.55
1676.48
1454.05
683.1
1496.46
1472.53
1872.44
1063.46
682.22
1155.05
1171.68
1370.31
1060.47
1580.95
1542.4
1718.71
774.64
1654.62
828.16
1960.67
1915.79
1479.01
1109.32
1525.26
874.99
1833.56
1313.95
794.7
1649.04
1085.4
866.05
538.36
956.61
522.58
1846.41
1972.88
1535.3
1249.66
1209.08
522.58
1535.3
1710.53
1209.08
464.07
1628.6
1624.11
564.16
1349.04
726.14
1017.64
1180.63
1972.88
946.39
320.12
1282.84
1833.56
1496.46
1839.05
1961.96
1203.93
1623.73
1943.24
1287.0
929.16
1038.42
1703.02
1353.77
1600.1
1017.64
1568.41
2164.15
1639.55
1158.68
1960.92
1900.18
1346.14
1682.08
1531.2
960.47
1943.24
1354.0
1198.24
1514.4
1765.79
1480.87
511.23
1531.2
788.53
1090.35
225.12
1703.02
1964.86
1732.46
1209.08
1249.66
1710.53
1906.35
1568.41
1324.64
1465.26
574.1
1800.86
1862.45
1090.35
1765.79
1295.34
1724.42
1826.93
1612.43
693.36
982.64
1520.73
1862.13
1472.53
1206.95
1528.91
1419.34
1180.63
1800.86
1593.24
1819.41
1612.43
946.39
1807.67
1510.91
1653.69
1005.67
1568.41
1152.04
946.39
1480.87
1625.53
1513.04
1476.48
1858.36
1225.63
779.66
946.39
1785.47
1624.01
1661.61
1377.35
1312.16
1317.33
718.71
1944.89
1063.46
1943.24
982.64
1630.66
631.5
1394.38
1249.66
1133.45
415.96
1705.9
1711.97
564.16
1133.45
2007.62
1832.34
1139.94
1843.97
1438.41
1584.73
1497.46
1490.96
2024.2
993.55
644.12
1906.35
1624.58
1547.5
1894.16
2159.33
1510.91
1587.21
1600.42
1403.48
1229.87
1225.63
1279.31
1568.41
1501.1
1906.35
1550.55
1572.91
1643.96
1676.79
1302.97
1819.41
1029.87
1410.58
1432.75
1573.12
2047.06
624.04
1063.46
1394.38
1906.35
1797.14
1208.82
1943.24
1642.15
1666.52
1770.91
924.65
866.76
1785.72
282.89
1865.67
1915.79
1837.11
1726.51
1356.46
1507.04
1513.04
1837.11
255.57
1656.28
1198.24
1198.24
1944.89
1306.91
1155.05
1487.93
1666.52
1612.43
1480.87
1590.82
1408.25
1823.47
883.11
1360.76
1116.8
1175.65
693.36
686.54
949.34
1573.12
594.93
1400.57
866.05
1506.38
1951.77
1878.06
1562.23
1862.45
1514.4
1360.76
1487.93
1995.87
1175.65
589.11
1209.08
1785.47
1606.63
1843.97
1906.35
664.43
522.58
1770.37
1139.94
1785.47
947.72
1858.36
1144.41
1593.12
1198.24
1156.55
1206.95
1416.98
1852.24
1282.84
2007.62
1485.05
1475.4
1599.27
1683.49
1921.18
1745.09
1572.91
1235.69
2065.16
1077.12
794.7
1522.76
1203.93
1572.91
852.02
1302.97
1292.93
1656.28
1603.6
1944.89
1202.46
1465.26
1548.87
564.16
1665.23
1547.5
1839.05
1849.58
616.24
594.93
1653.69
1843.97
1133.45
1809.29
828.16
1203.93
1377.35
751.16
2063.98
1430.04
1125.36
1760.0
1852.24
1485.69
993.55
860.32
1513.04
1580.95
1793.07
1515.54
1730.86
1599.27
1198.24
1849.58
1619.0
1339.93
1780.65
320.12
1696.65
1336.74
1662.88
624.04
693.36
1880.76
1837.11
1313.53
971.31
1547.5
1943.24
1707.38
1306.64
1619.0
1632.61
1166.93
1580.95
1619.0
1522.6
1158.68
1331.53
891.9
1730.86
2024.2
1568.41
1915.79
2197.33
1840.75
1476.48
1638.66
686.54
907.19
1494.81
752.69
1472.53
1444.13
1950.3
802.96
1780.07
1630.47
1600.42
1579.73
1548.87
1807.67
500.92
946.39
686.23
1421.07
771.83
1833.56
1729.08
2047.06
1612.43
1353.77
1063.46
464.07
969.85
1673.7
1468.46
1676.48
1050.25
969.85
1423.86
1331.53
1510.91
951.92
946.39
1542.4
1507.04
1906.35
805.12
1202.46
522.58
872.19
1716.13
1368.94
1787.41
1506.38
1642.15
1539.1
1815.02
1839.67
1107.96
1897.87
1494.81
1593.12
956.61
1494.81
1749.93
380.88
1833.56
1849.58
1116.31
1513.04
1017.64
1739.49
1193.72
1458.63
1507.04
1518.93
676.38
1704.06
1612.43
1632.61
969.85
1017.64
1849.58
704.94
1749.93
1943.24
848.42
1419.34
1921.18
1435.34
752.69
1739.49
1183.74
1279.31
1377.35
1843.97
991.49
1349.04
1943.24
1555.48
1146.78
1643.96
1599.27
1377.35
835.08
1468.46
1171.68
752.69
1306.64
1452.17
380.88
1467.52
500.92
1510.91
1229.41
1737.86
1737.86
1760.0
1456.34
1454.05
418.17
949.04
1494.81
1865.67
1180.63
1656.28
1906.35
1607.34
1456.34
1556.68
1202.46
1579.73
402.81
2197.33
1432.79
966.26
764.24
682.22
1857.04
1434.71
1430.04
1915.79
1776.48
1344.17
1612.43
1559.83
1077.12
1851.7
1623.73
1612.43
1528.91
1510.91
1921.18
1516.68
1716.13
1017.64
845.35
1690.82
1778.65
1432.79
1017.64
2024.2
1435.34
1789.85
1606.76
1584.73
1507.04
1193.72
1520.73
1349.04
1878.06
1222.6
1732.46
1619.0
1577.55
2132.85
1384.78
1435.34
1525.26
1630.47
1458.63
922.69
1060.47
1600.42
1461.33
1815.02
1603.89
1313.95
805.12
1171.68
1063.46
1793.36
1507.04
1295.14
1815.02
1430.04
1704.06
1905.5
1794.57
1603.6
1649.04
1573.12
1198.24
546.04
1606.63
2024.2
1803.97
1787.57
2197.33
1711.97
1765.79
1344.17
1030.13
1311.23
1737.86
1603.6
1603.89
1206.95
1649.42
1639.55
951.92
1819.41
1419.34
1921.09
2159.33
1306.91
902.09
1555.48
1796.98
1579.73
1656.28
880.41
1916.37
1833.56
1857.04
1432.75
1608.55
1871.27
402.81
589.11
1432.79
802.96
1360.76
1149.07
1739.49
1081.05
1229.41
1120.22
1190.16
1701.23
1643.68
1331.53
1193.72
1691.15
1593.12
1528.91
972.58
1921.18
1499.24
1507.04
1354.0
1461.33
1729.08
1324.64
1097.95
459.21
794.7
1577.55
897.26
1423.86
1506.38
1593.24
1977.89
1865.67
1753.56
1632.1
1690.82
1432.75
1899.69
1421.07
1599.27
1833.56
1894.85
1465.9
1749.93
1535.3
1580.95
1776.48
1017.64
1139.94
1987.39
2090.54
1473.75
978.13
1666.52
1943.24
1513.04
1625.53
1579.73
1944.89
982.64
1683.49
703.45
1282.84
1606.76
686.54
1494.23
1603.89
1944.89
1794.57
1610.25
1238.04
1139.94
1331.53
1885.87
1862.45
1510.91
1728.07
1311.23
935.4
1612.43
1175.65
1593.12
1302.97
1514.4
1815.02
1897.37
1956.89
1514.4
972.58
1953.03
1183.74
1619.0
1279.31
1702.81
1257.31
990.84
1216.36
1691.68
1479.01
1539.77
1077.12
1674.09
1638.66
1865.67
1943.24
1716.13
482.65
1410.58
1152.99
1403.6
2132.85
830.45
1599.27
1804.68
1168.72
1331.53
1809.29
1780.58
1561.41
1635.5
648.53
835.08
1139.94
1565.16
1324.64
1624.01
1599.27
1459.63
1419.34
1593.12
835.54
1593.12
1809.29
1885.87
1900.18
1815.02
1506.38
916.02
828.16
1573.12
1013.78
1443.02
1479.01
1600.1
956.61
1702.81
1900.18
897.26
1746.74
1038.42
929.16
1737.86
1300.19
1793.36
1803.97
1603.89
924.9
1451.85
956.61
1384.78
1553.21
1063.46
1666.52
1547.5
982.64
860.32
1432.75
1017.64
1862.13
1324.64
1306.64
1683.49
1478.11
831.96
1193.72
1502.49
916.02
636.02
594.93
464.68
1367.64
1906.35
682.22
1607.34
1492.64
1587.8
1539.1
1724.68
1921.09
869.0
1472.53
2047.06
1543.17
1639.12
1349.04
1216.36
1683.49
1368.94
1216.36
1063.46
1599.27
1730.86
1513.04
1231.67
1557.27
703.45
1037.45
956.61
1683.49
1077.12
1436.66
828.16
951.92
1435.34
946.39
891.9
418.17
1749.93
962.14
835.54
1862.45
774.64
1968.4
1398.75
1625.53
1832.34
1438.52
837.36
1778.65
1897.37
1787.41
650.68
1005.67
828.16
1629.92
593.83
1531.2
1710.98
1483.06
1921.18
1107.96
1183.16
1691.68
1539.77
1921.18
1960.67
1491.9
1707.38
1789.85
676.38
1593.24
1048.28
1742.34
902.09
282.89
922.69
907.19
1710.53
1837.11
993.55
1483.06
1306.91
902.09
1423.86
1653.69
1416.33
1603.6
1827.44
804.96
1608.6
860.32
1776.48
1208.82
1231.67
851.24
1960.67
1370.31
1309.85
1847.26
1610.25
1229.87
1894.85
1585.02
1454.47
1943.24
1718.79
1209.08
1510.91
1459.34
1634.04
1292.93
1673.7
1146.78
1606.63
1634.04
1707.38
1823.47
2132.85
2132.85
718.71
1455.37
1943.24
1543.17
752.69
741.46
1038.42
2007.62
1371.86
1444.13
1770.37
857.42
1625.53
1518.93
1732.46
546.04
972.95
1716.13
1704.06
946.39
1158.68
1943.24
1776.48
1683.49
1739.49
1171.54
589.11
1900.18
1434.71
1235.69
2159.33
1490.51
1770.37
1231.67
1649.42
1724.68
1815.02
1793.07
950.24
1661.61
1342.39
1593.24
1921.18
1423.86
1722.49
1344.18
1843.97
828.16
650.68
1193.72
1430.04
1745.09
1198.24
1858.36
1309.85
1483.06
1466.95
1389.11
1499.24
1183.74
1943.24
1858.36
1273.45
850.57
1097.95
1447.25
2079.14
866.76
1785.47
1311.23
2004.34
1467.52
1915.79
682.22
1600.42
1384.78
1063.46
1468.46
1183.74
972.95
1593.12
1216.36
1727.1
1510.91
1344.17
1661.61
1454.47
1531.2
1377.35
2164.15
1506.38
1287.0
1112.02
1198.24
1987.39
1603.89
1528.91
788.53
1435.34
1857.04
1590.82
1815.02
1943.24
869.0
1539.1
1732.12
1543.17
962.14
1944.89
693.36
1572.91
1612.43
1502.49
1249.66
828.16
1005.67
1746.74
1133.45
1590.82
1727.1
1494.23
1765.67
1324.64
1819.41
1603.6
1676.79
1726.51
482.65
1317.33
1208.82
1787.57
1857.04
509.52
1107.96
1342.39
1740.85
1880.76
1331.53
1858.36
1865.67
1060.47
1612.43
1906.35
1548.87
1550.55
1487.93
1238.04
1833.56
1448.72
1292.93
1403.6
1796.98
1292.93
703.45
1384.78
1964.86
902.09
1458.63
1600.42
1344.17
1483.06
935.4
751.16
1699.9
1682.08
1166.93
1152.04
1889.9
1525.26
1858.36
631.81
1539.1
793.58
1279.31
1377.35
883.11
946.39
1375.88
788.53
1833.56
1365.21
1300.19
1842.1
1342.39
1490.96
1555.48
1324.64
1231.67
1300.19
1444.13
1632.61
903.3
800.3
951.92
564.16
1964.86
1720.21
1346.14
1158.68
494.63
1229.87
1423.86
1412.13
1215.96
2164.15
1222.6
1386.33
1543.17
1819.41
1765.67
1661.61
1690.82
1448.72
1819.41
1793.36
1451.85
1606.63
1568.41
779.68
1726.51
1300.19
1189.47
1846.41
1951.77
1779.12
1152.04
1593.24
883.11
875.39
1833.56
1175.65
1656.28
483.34
1434.84
1745.09
860.32
1632.1
1720.21
1921.18
282.89
1331.53
1951.77
1915.79
710.15
1331.53
1593.24
1889.87
1742.34
1950.3
1360.76
1515.54
771.83
1502.02
1107.96
785.59
1389.11
225.12
1903.76
682.22
667.98
1599.27
1336.74
2132.85
1189.47
1906.35
1953.03
907.19
1894.85
1447.25
1967.87
774.64
666.59
1612.43
1653.69
1628.6
650.68
1710.53
2159.33
1163.1
1229.41
710.15
1739.49
1843.97
1610.25
2015.18
1639.12
1513.04
538.36
1038.42
1745.09
1943.24
1673.7
1793.36
764.24
1619.0
1395.03
1865.67
1342.39
1368.94
1643.96
1619.0
737.28
1749.93
1346.14
1525.26
1852.24
1354.0
1342.39
1485.69
1903.76
852.02
924.9
1956.89
1758.56
574.1
1564.9
1543.17
1506.38
1833.56
1798.47
1419.88
917.79
1638.66
1531.2
1599.27
771.83
1456.34
966.26
1492.64
1349.04
1502.02
1851.7
1635.5
831.96
1623.73
1507.04
1168.72
1386.33
1827.44
1745.09
1584.73
1760.0
1317.33
1902.37
1600.42
1839.67
1996.18
1306.64
1324.64
1560.78
1249.66
1707.38
1746.74
1971.23
1483.06
1705.24
2063.98
568.17
1257.31
686.54
1724.42
1468.46
1639.55
1408.25
664.43
1377.35
1336.74
1459.34
1215.96
1819.41
1902.37
1273.45
1987.39
664.43
1547.5
946.39
1593.24
1222.6
1155.05
1653.69
1361.3
1139.94
636.51
1451.85
1436.66
1476.48
1765.79
1705.9
1468.46
1746.74
1716.13
1528.91
1535.3
1346.14
1253.76
1423.85
1977.89
835.54
946.39
1897.87
742.25
1785.72
1568.41
1490.96
1377.35
1742.34
1447.25
1871.27
1815.02
857.42
1743.85
1152.04
686.23
1309.85
966.87
1778.65
1960.67
1513.04
1465.26
1639.55
282.89
1619.0
1198.24
1142.89
1716.13
1092.94
793.58
1759.97
907.19
1368.94
1673.7
852.02
1501.24
671.06
764.24
1436.66
1759.33
1175.65
1629.92
1518.93
1215.96
1880.76
1673.7
1610.25
1588.8
1450.67
1465.26
682.22
1720.21
1847.26
765.13
779.08
935.4
1663.58
1823.47
1180.63
1921.18
1282.84
1198.24
1960.67
1292.93
1921.18
805.12
1399.39
1565.16
962.14
1819.41
1331.53
1253.76
1780.65
1317.33
972.95
1804.68
1951.77
1610.25
1639.55
1166.93
1175.65
1324.64
1635.5
1331.53
1902.37
1543.17
1216.36
1222.6
686.54
1833.24
1612.43
1282.84
1423.86
1889.87
2159.33
751.16
1757.81
1726.51
805.12
282.89
1475.4
1273.45
1356.46
1189.47
883.11
1625.53
1704.06
1462.01
1703.02
1584.73
1444.13
982.64
1528.91
1005.67
1198.24
1237.07
1112.02
1125.36
676.38
966.26
1865.67
2014.72
1730.86
1839.05
1206.95
1623.73
1575.52
1125.36
1356.46
1972.88
1163.1
1696.86
1649.04
1980.99
1565.16
1389.11
1515.54
1943.24
993.55
848.89
1430.04
1558.09
960.47
1017.64
1175.65
1292.93
1752.03
1451.85
1342.39
1819.41
1663.58
1632.1
282.89
380.88
1967.87
1585.02
993.55
1865.67
828.16
1031.34
718.71
1623.73
1203.93
1943.24
877.17
1487.93
1412.13
693.36
1897.37
1163.1
640.56
1331.53
1726.51
1673.7
1300.19
1885.87
1502.49
640.56
1843.97
1996.18
1432.75
2132.85
1216.36
2098.07
1063.46
1819.41
1005.67
1455.85
897.26
1183.74
1257.31
1432.75
1346.14
1507.04
737.28
718.71
1496.46
1225.63
1943.24
1819.41
1603.6
752.69
1331.53
1092.94
891.9
1585.02
742.25
1466.31
1362.39
1435.34
1412.13
1732.46
946.39
978.13
1837.11
1371.86
1921.18
852.02
907.19
1819.41
1013.78
1302.97
1619.0
1523.26
1251.14
221.23
1819.41
1324.64
1964.86
1229.41
1542.4
1344.71
1905.5
1729.08
1711.55
1608.6
1682.08
751.58
1885.87
1506.38
1522.45
1711.97
1805.77
1458.63
1339.93
1846.41
1742.34
1171.68
1737.86
1356.46
1038.42
805.12
1400.57
1921.18
1171.68
935.38
1649.04
805.12
1593.24
1313.95
1198.24
1549.54
1525.26
1580.95
1097.95
1676.79
1139.94
1198.24
1013.78
1485.69
1523.26
1459.63
935.4
1346.14
874.99
1815.02
1235.69
1577.55
1112.02
2098.07
1846.41
1231.67
1885.87
1222.6
1759.97
1528.91
1261.41
1362.39
1579.73
1349.04
676.38
1619.0
1448.72
982.64
2016.46
1282.84
1823.47
1120.1
1459.63
993.55
1871.27
1507.04
1899.69
1593.24
1550.55
1724.42
800.3
1642.15
837.36
1423.86
1097.95
1238.04
1183.16
1943.24
1730.86
1550.55
1222.6
1005.67
1575.52
2159.33
1785.47
682.22
1253.76
1139.94
1555.48
1501.1
1419.88
1556.68
1476.48
203.52
1539.1
1737.86
1496.46
1638.66
1092.94
1829.06
1794.57
1063.46
574.1
2132.85
1146.78
1682.33
1732.2
1438.41
1964.86
1202.46
1739.49
1785.47
546.04
1309.85
282.89
1760.0
922.69
907.19
1829.06
1839.05
907.19
1502.02
1579.73
1921.18
1792.31
282.89
1608.6
1189.47
1862.13
1222.6
1977.89
1950.3
1967.87
1468.46
1629.92
1208.82
1506.38
650.68
1683.49
1531.2
969.85
1097.95
1724.42
1430.04
1752.72
282.89
1726.51
1682.08
978.13
1133.45
774.64
1506.38
1202.46
1198.24
1249.66
1097.95
1548.87
1516.43
1107.96
1317.33
1572.91
1389.11
1528.91
1273.45
1760.0
1878.06
1092.94
1215.96
1133.45
1606.63
866.05
650.68
1287.0
891.9
1691.68
1354.0
857.42
1872.81
1107.96
1916.37
1198.24
1253.76
1353.77
751.58
1312.16
1300.19
1398.75
1894.85
869.0
1331.53
1444.13
1710.53
644.12
1371.86
1416.98
902.09
1960.67
1837.11
1005.67
1360.76
1342.39
1663.58
1485.69
1384.78
1107.96
802.96
1980.99
1156.55
2047.06
1125.36
897.26
1921.18
1368.94
1513.04
1097.95
1416.98
1514.4
1284.51
1300.19
844.9
1356.46
1360.76
1336.74
1492.64
771.83
1410.58
1077.12
1342.39
1480.87
1676.48
1944.89
1628.6
1175.65
1921.09
949.04
1639.55
1183.16
1737.86
1166.93
1222.6
1584.73
1625.53
1737.86
664.43
1222.6
2132.85
1791.96
1662.88
1331.53
1921.18
1770.37
2063.98
1599.27
1522.45
1569.37
1815.02
1479.01
1215.96
1430.04
1490.51
1403.48
771.83
1125.36
1827.44
1261.41
1548.87
1894.16
1862.45
1520.73
883.11
1568.41
1846.41
402.81
1465.26
1434.42
1607.34
1638.66
1133.45
1406.95
800.3
564.16
1317.33
1485.69
1960.67
1840.75
1819.41
1338.3
1649.04
1715.29
1921.18
891.9
1739.49
616.24
927.98
1050.25
1475.4
1017.64
1603.89
1180.63
1550.55
1612.43
1780.65
1423.86
1386.33
1666.18
1346.14
1606.63
1956.89
1653.69
857.42
1295.34
1732.12
1209.08
1398.75
916.02
883.11
1573.12
1770.91
1017.64
828.16
1171.68
1737.86
1430.04
1367.64
960.47
1809.29
1579.73
1603.6
1643.96
1439.17
1090.35
741.46
1324.64
960.47
902.09
1823.47
1944.62
1309.85
1943.24
951.92
1225.63
1017.64
903.3
1033.44
1251.14
1547.5
1451.85
835.54
1510.91
1793.36
1490.96
1261.41
1698.94
1568.41
1823.47
1249.66
830.07
1419.34
1715.29
1336.74
1149.07
1610.25
1180.63
546.04
1683.49
1606.63
848.89
1050.25
1198.24
972.58
1612.43
1547.5
1238.04
1152.99
1624.87
1666.29
1742.34
1815.02
1439.17
1449.26
1662.88
1739.49
1682.1
1921.18
1823.47
1608.6
1699.94
1189.47
1430.04
1146.78
1125.36
1746.74
1336.74
1209.08
1639.55
666.59
1846.41
1166.93
1005.67
966.26
1915.79
1549.54
1510.91
1632.61
1422.12
1599.27
800.3
1396.28
924.9
1455.37
1729.08
1048.28
1478.11
1462.01
1029.87
1229.41
895.14
1520.73
1800.86
993.55
1282.84
676.38
1547.5
564.16
1017.64
828.16
1408.25
1580.95
2024.2
2132.85
1377.35
1960.92
751.16
922.69
1906.35
1564.9
1353.77
1430.04
1510.91
1175.65
1857.04
1479.01
1050.05
2159.33
2032.23
1956.89
1653.69
1584.73
784.52
1561.63
1209.08
1478.31
1492.64
1005.67
546.04
1943.24
1362.39
848.89
1494.23
1612.43
1145.33
1600.42
1950.3
1038.42
683.1
1306.91
1726.51
703.45
648.57
589.11
1819.41
1656.28
1367.64
1894.85
1317.33
1921.09
1600.42
1354.0
1585.02
1943.24
1550.04
1279.31
1579.73
956.61
693.36
1513.04
1593.24
1487.93
1593.24
852.02
1857.04
1798.47
1573.12
1823.47
1606.76
1746.74
1435.34
2132.85
1776.48
1119.17
805.12
828.16
1753.56
1050.25
1698.94
1710.98
1506.38
1167.78
1421.45
1339.93
1518.93
800.3
1209.08
1798.47
771.83
1676.79
1017.64
1665.23
1485.59
1149.07
779.08
1557.2
1370.31
1502.49
1507.04
1206.95
1749.93
1302.97
1449.26
1421.07
1843.97
978.13
1857.04
1649.04
1593.12
574.1
564.16
1819.41
1085.4
835.08
1584.73
891.9
1623.73
1737.86
1577.55
1829.06
1619.0
1572.91
1832.34
1862.45
1231.67
1354.0
1494.81
1564.9
1119.17
1090.31
1510.91
1231.67
1202.46
1623.73
1661.61
1168.72
1510.91
1745.09
648.53
664.43
1707.38
1472.53
1472.53
1732.46
1612.43
1222.6
1092.94
1632.61
1389.11
1017.64
1900.18
1430.04
1809.29
1518.93
1654.62
1139.94
1487.93
1696.65
1749.93
2098.07
1013.78
636.19
1183.16
1423.86
978.13
751.16
1791.96
1090.35
1827.44
1202.46
1752.18
1815.02
1653.69
956.61
1513.04
1589.75
1125.36
693.36
628.4
1222.6
1757.81
1726.51
737.28
1317.33
1525.26
1656.28
1547.5
1899.69
1943.24
1862.13
1502.49
1953.03
982.64
1198.24
482.65
1732.46
1485.05
1339.93
1513.04
1562.23
2132.85
1794.57
1737.86
1485.05
1436.66
1459.34
1599.27
1964.86
1889.87
1360.76
802.96
1653.69
1198.24
1295.14
1387.43
1443.02
1943.24
1063.46
1005.67
1215.96
448.34
1547.5
1577.55
1539.47
1499.24
1077.12
1120.22
1306.64
1063.46
546.04
1550.55
903.3
1612.43
993.55
1871.27
1017.64
1915.79
1826.93
1703.02
1623.73
1794.57
1374.91
1871.27
511.23
1216.36
2047.06
1092.94
1253.76
1506.38
1603.89
415.96
1467.52
1507.04
1273.45
1871.76
1873.19
355.57
1523.75
494.63
1564.9
1419.88
1600.1
1444.13
1746.74
1950.3
546.04
179.06
1406.95
1145.33
1125.36
1198.24
844.9
1742.34
883.11
1798.47
1506.38
830.45
828.16
1257.31
1673.7
1718.79
752.69
1676.79
1535.3
1110.55
589.11
793.58
1528.91
1282.84
1060.47
1490.51
848.42
1603.6
616.24
1273.45
1696.65
1606.76
2047.06
1569.37
1492.64
897.26
1691.68
780.15
1600.42
1180.63
1623.73
1342.39
1202.9
1483.06
1516.68
1553.21
1366.61
1921.09
1776.48
1807.67
872.19
1805.77
1349.04
1492.08
1943.24
1653.69
1730.86
841.27
1249.66
1253.76
1905.5
1449.26
1623.73
1430.04
752.69
1575.52
1661.61
1829.06
1125.36
1092.94
837.36
1513.04
2047.06
1050.25
1770.37
1590.82
1139.94
704.94
1710.53
848.42
1502.49
594.93
1109.32
1133.45
1279.31
1837.11
1953.03
891.9
1664.76
883.11
664.43
1349.04
1209.08
693.36
1520.73
1770.91
1146.78
1502.49
1133.45
1261.41
1506.38
1492.64
1120.22
1192.88
1387.43
457.49
594.93
1603.6
1202.9
1180.63
1107.96
1331.53
950.24
951.92
1787.41
752.69
929.16
1450.67
1585.02
1575.87
1139.94
1549.54
1569.37
1682.08
1465.26
1943.24
1403.6
1642.15
1791.96
1114.9
1711.97
1522.76
1839.67
1419.48
1139.94
1752.03
1416.98
1770.37
1943.24
1921.18
1832.34
1676.79
1237.07
1593.24
1728.07
1180.63
1273.45
1084.79
1569.37
1906.35
1759.33
1953.03
1353.77
860.32
1423.86
1691.68
1562.23
1724.42
639.73
1480.87
544.12
1455.85
1977.89
1542.4
1584.73
966.26
935.4
1649.42
1344.17
1314.3
1480.87
1216.36
1897.37
1683.49
671.06
1222.6
1737.86
1324.64
1311.23
1497.46
1468.01
1050.25
726.14
564.16
1956.89
897.26
1707.38
1858.36
1593.24
1548.87
2032.23
891.9
1354.0
1483.06
1406.95
1324.64
784.52
1759.33
1607.34
1447.95
482.65
1198.24
1590.82
1535.3
982.64
1885.87
879.65
793.58
1430.04
1295.14
1804.68
1432.75
883.11
1664.83
2098.07
1729.08
1406.95
1145.33
640.56
1673.7
1422.12
1715.29
406.36
1732.46
1683.49
1682.08
1547.5
1785.47
907.19
752.69
1743.85
1674.09
1682.62
1432.75
1189.47
1400.57
1085.4
922.69
1961.96
1038.42
1353.77
1443.02
1063.46
1198.24
1560.78
1903.76
1324.64
540.97
1507.04
1092.94
1502.49
1507.04
1292.93
1739.49
1535.3
1599.27
1902.37
1535.3
1013.78
1430.04
2079.14
1189.47
1556.68
1455.85
1077.35
1292.93
1472.53
1038.42
1557.2
764.24
1438.41
1038.42
1163.1
1462.01
707.88
1387.43
1944.89
872.19
2159.33
951.92
1163.1
947.72
1628.6
1819.41
1253.76
1510.91
1206.95
935.4
751.16
1809.29
1229.41
1852.24
1666.52
1690.82
916.02
1451.85
1317.33
1776.48
1145.33
1353.77
1690.82
752.69
1873.19
1865.67
1885.87
1809.29
1776.48
1050.25
1711.97
282.89
1394.38
1175.65
1412.13
831.96
2132.85
1345.66
1416.33
929.16
1944.89
924.9
162.18
779.08
956.61
1921.09
1950.3
1791.96
1624.87
1878.06
1295.14
1557.94
1029.87
1183.74
1497.46
946.39
895.14
1705.24
1183.16
726.14
1416.33
1696.65
1419.34
1690.82
1749.93
1152.04
1943.24
1625.53
1492.08
1703.02
1434.42
1206.95
835.08
1038.42
594.93
1600.42
1625.53
1673.7
1476.48
1292.93
1346.14
1311.23
616.24
1722.49
1612.43
1502.49
1789.85
1562.23
1251.14
2079.14
830.07
1313.95
737.28
1608.6
1443.02
990.84
1287.0
1798.47
1728.07
1603.89
1273.45
682.22
1972.88
950.24
1447.25
1436.66
1300.19
1510.91
1331.53
1465.9
1125.36
946.39
1921.18
1585.02
703.45
1809.29
1377.35
1547.5
593.83
1732.46
1449.26
509.52
1202.46
1454.47
282.89
1419.34
1206.95
1398.75
1662.88
1468.46
1313.95
1715.29
2162.13
594.93
1588.8
693.36
1587.8
1430.04
1180.63
1943.24
1585.02
1770.91
1494.23
1423.85
1873.19
1113.16
1742.34
1430.04
1346.14
1225.63
1760.0
464.07
1060.47
1033.44
935.4
1785.72
765.13
1060.47
1833.56
1506.38
1225.63
355.57
1331.53
1113.16
1077.12
1149.07
844.9
1612.43
1682.08
1827.44
1377.35
1710.98
907.19
1557.94
1568.41
1603.89
1542.4
2197.33
1279.31
1518.93
1416.33
1216.36
1915.79
1837.11
1520.73
990.84
1780.65
902.09
1456.34
879.65
1807.33
1476.48
1168.72
1587.8
1547.5
2016.46
1599.27
199.68
1579.73
1707.38
1324.64
1005.67
1368.94
1559.59
1430.04
960.47
1842.1
1584.73
1579.73
2079.14
1943.24
1535.3
1331.53
1494.81
1603.89
1396.28
380.88
1599.27
1815.02
1125.36
1192.88
1737.86
693.36
564.16
625.15
1787.57
1260.96
